------
Name: Slonce
Mass: 1.989e+30
Position: 0,0,0
Velocity: 0,0
------
Name: Merkury
Mass: 3.30104e+23
Position: 63198570576.9,-2334892779.66,-5992737005.35
Velocity: -5988.86902882,42834.3065335,4048.62771728
------
Name: Wenus
Mass: 4.86732e+24
Position: 93820235963.6,55169308051.3,-4665224937.94
Velocity: -17573.9796672,29990.6027003,1425.75709565
------
Name: Ziemia
Mass: 5.97219e+24
Position: -140895124877,-51734422050.1,607849.677222
Velocity: 9775.20681421,-28034.8670356,0.256594882705